#   StarName      RA(J2000.0)    DEC(J2000.0)          r'        u'-g'      g'-r'      r'-i'      i'-z'         rms_r'   rms_u'-g'  rms_g'-r'  rms_r'-i'  rms_i'-z'       n_u'    n_g'    n_r'    n_i'    n_z' 
     Hilt_31     00:28:11.15      +64:07:51.8         10.996      0.999      0.587      0.294      0.147         0.001      0.003      0.001      0.001      0.002          16      16      16      15      15  
   G_158-100     00:33:54.60      -12:07:58.9         14.691      1.101      0.510      0.222      0.092         0.006      0.019      0.008      0.007      0.010           6       7       8       6       6  
  BD+71_0031     00:43:44.34      +72:10:43.1         10.091      0.896      0.260      0.079      0.007         0.001      0.003      0.002      0.002      0.004          14      14      14      14      14  
   SA_92_342     00:55:09.90      +00:43:12.9         11.527      1.069      0.257      0.049     -0.012         0.001      0.004      0.001      0.001      0.002          28      27      27      26      25  
   SA_92_263     00:55:39.41      +00:36:20.0         11.467      2.229      0.801      0.307      0.166         0.001      0.008      0.001      0.002      0.003          23      27      27      26      26  
   SA_92_502     00:56:08.13      +01:04:25.1         11.712      1.031      0.289      0.078      0.010         0.002      0.005      0.004      0.003      0.004           9       9       9       9       9  
   SA_92_282     00:56:46.86      +00:38:30.9         12.936      1.000      0.136      0.021     -0.009         0.004      0.017      0.004      0.006      0.016           5       6       5       5       3  
   SA_92_288     00:57:17.00      +00:36:48.7         11.350      1.768      0.661      0.233      0.098         0.002      0.013      0.005      0.003      0.005           6       6       6       5       5  
   SA_93_317     01:54:37.73      +00:43:00.5         11.437      1.068      0.317      0.084      0.002         0.001      0.008      0.003      0.002      0.004          16      16      16      16      16  
   SA_93_333     01:55:05.22      +00:45:42.5         11.760      1.742      0.633      0.203      0.089         0.002      0.006      0.004      0.003      0.004          16      16      16      15      16  
   SA_93_424     01:55:26.35      +00:56:42.5         11.300      2.410      0.823      0.281      0.123         0.002      0.025      0.003      0.003      0.016          10       9       9       8       9  
    Hilt_190     01:58:24.07      +61:53:43.5         10.883      0.903      0.640      0.318      0.224         0.002      0.004      0.003      0.003      0.003          17      17      17      17      17  
    LHS_0014     02:12:20.99      +03:34:32.4          9.481      2.624      1.282      0.934      0.443         0.003      0.010      0.004      0.004      0.004           6       6       6       6       6  
    Hilt_233     02:12:29.97      +59:54:04.1         10.659      1.134      0.834      0.448      0.292         0.001      0.004      0.002      0.002      0.003          18      18      18      18      17  
    Feige_22     02:30:16.62      +05:15:50.6         13.024      0.050     -0.333     -0.303     -0.273         0.001      0.004      0.002      0.002      0.004          15      15      14      15      15  
   SA_94_242     02:57:21.24      +00:18:38.9         11.712      1.157      0.106     -0.033     -0.046         0.001      0.004      0.002      0.001      0.002          29      29      29      29      28  
   SA_94_251     02:57:46.98      +00:16:02.7         10.803      2.773      0.979      0.373      0.213         0.001      0.004      0.001      0.001      0.001          29      29      29      29      29  
   SA_94_702     02:58:13.37      +01:10:54.3         11.116      3.189      1.159      0.459      0.263         0.002      0.009      0.003      0.002      0.002          12      13      13      13      13  
    Ross_374     03:26:59.76      +23:46:35.9         10.646      1.027      0.385      0.141      0.050         0.002      0.004      0.003      0.003      0.003          12      12      12      12      12  
     Ross_34     03:28:53.14      +37:22:56.7         10.530      2.580      1.229      0.530      0.271         0.001      0.007      0.002      0.001      0.002          10      10      10      10      10  
    SA_95_96     03:52:54.18      +00:00:18.7         10.071      1.142     -0.070     -0.123     -0.051         0.002      0.004      0.003      0.002      0.001          11      11      10      11      11  
   SA_95_190     03:53:13.24      +00:16:22.8         12.593      1.300      0.126      0.002      0.043         0.002      0.004      0.003      0.003      0.004           9       9       9       9       9  
   SA_95_193     03:53:20.59      +00:16:34.7         13.844      2.489      1.097      0.407      0.214         0.004      0.017      0.006      0.005      0.006           3       8       9       9       9  
    Hilt_404     03:53:59.42      +53:12:56.8         10.815      1.034      0.656      0.342      0.250         0.002      0.004      0.003      0.003      0.004          17      17      17      17      16  
   SA_95_218     03:54:49.95      +00:10:08.5         11.901      1.442      0.500      0.167      0.058         0.001      0.007      0.002      0.003      0.006           6       6       6       6       6  
   SA_95_132     03:54:51.67      +00:05:21.5         11.994      1.481      0.252      0.078      0.053         0.003      0.007      0.005      0.004      0.005           6       6       6       6       6  
   SA_95_142     03:55:09.40      +00:01:20.6         12.775      1.272      0.422      0.163      0.088         0.005      0.011      0.006      0.007      0.009           5       5       5       5       5  
   SA_95_149     03:55:44.44      +00:07:02.8         10.375      3.181      1.326      0.625      0.371         0.004      0.013      0.006      0.006      0.007           8      11      13      11      13  
   SA_95_236     03:56:13.34      +00:08:47.0         11.287      1.414      0.539      0.196      0.084         0.003      0.007      0.004      0.005      0.006          13      13      13      12      13  
  BD+21_0607     04:14:35.51      +22:21:04.3          9.114      0.894      0.281      0.089      0.008         0.001      0.002      0.001      0.001      0.001          76      80      78      80      80  
  BD-21_0910     04:33:16.19      -21:08:07.1          9.608      1.364      0.474      0.143      0.036         0.002      0.006      0.003      0.003      0.004          14      14      12      14      14  
    SA_96_36     04:51:42.40      -00:10:09.4         10.614      1.196      0.027     -0.079     -0.072         0.002      0.004      0.003      0.003      0.003          16      16      16      16      16  
   SA_96_737     04:52:35.34      +00:22:30.2         11.275      2.770      1.099      0.492      0.271         0.003      0.009      0.004      0.004      0.004          13      12      13      13      14  
    SA_96_83     04:52:58.86      -00:14:41.3         11.793      1.237     -0.054     -0.110     -0.048         0.003      0.007      0.004      0.004      0.004          20      19      20      20      20  
   SA_96_235     04:53:18.87      -00:05:01.6         10.820      2.308      0.814      0.288      0.161         0.001      0.007      0.001      0.001      0.002          21      22      22      23      22  
     Ross_49     05:44:56.81      +09:14:32.2         11.163      1.130      0.467      0.162      0.049         0.001      0.004      0.002      0.001      0.002          16      16      15      16      16  
   SA_972_249     05:57:07.56      +00:01:11.6         11.567      1.317      0.451      0.141      0.038         0.001      0.005      0.002      0.001      0.002          19      19      19      19      19  
   SA_97_345     05:57:33.16      +00:21:16.4         11.005      3.397      1.424      0.640      0.426         0.002      0.010      0.004      0.003      0.003          10      18      20      20      20  
   SA_97_351     05:57:37.30      +00:13:44.0          9.813      1.130      0.008     -0.074     -0.022         0.002      0.004      0.004      0.003      0.003          19      19      19      20      20  
    SA_97_75     05:57:55.08      -00:09:28.5         10.783      3.878      1.618      0.756      0.491         0.002      0.017      0.004      0.003      0.004           9      14      14      14      13  
   SA_97_284     05:58:25.02      +00:05:13.5         10.299      2.641      1.155      0.521      0.320         0.002      0.008      0.002      0.003      0.004          10      10      11      10      10  
   SA_97_288     05:58:30.09      +00:06:40.7         10.718      1.331      0.401      0.106      0.013         0.002      0.003      0.002      0.003      0.004          10      10      11      10      10  
    Hilt_566     06:32:09.67      +03:34:44.4         10.787      1.125      0.673      0.341      0.211         0.002      0.004      0.003      0.003      0.003          30      29      30      29      30  
    LHS_1858     06:37:10.80      +17:33:53.3          9.007      2.763      1.374      0.736      0.365         0.002      0.004      0.003      0.003      0.003          15      15      16      15      15  
   SA_98_978     06:51:33.72      -00:11:31.5         10.414      1.277      0.407      0.106      0.013         0.001      0.005      0.002      0.002      0.004          21      20      21      21      23  
   SA_98_185     06:52:01.88      -00:27:21.6         10.610      1.153     -0.037     -0.093     -0.057         0.003      0.008      0.005      0.004      0.007          15      14      13      14      13  
   SA_98_193     06:52:03.37      -00:27:18.3          9.676      2.713      0.903      0.327      0.190         0.002      0.009      0.003      0.003      0.004          12      16      16      16      16  
   SA_98_653     06:52:04.94      -00:18:18.2          9.655      0.843     -0.212     -0.203     -0.114         0.002      0.005      0.003      0.002      0.002          23      22      24      24      24  
   SA_98_685     06:52:18.46      -00:20:19.5         11.857      1.218      0.287      0.070     -0.001         0.003      0.010      0.004      0.004      0.004          19      24      23      23      21  
     Ru_149F     07:24:14.02      -00:31:38.2         13.119      2.469      0.867      0.317      0.166         0.002      0.013      0.003      0.002      0.002           9      33      39      39      39  
     Ru_149D     07:24:15.36      -00:32:47.9         11.601      0.652     -0.213     -0.203     -0.136         0.001      0.003      0.001      0.001      0.001          40      40      40      40      40  
     Ru_149B     07:24:17.53      -00:33:05.4         12.474      1.385      0.460      0.141      0.033         0.001      0.006      0.002      0.001      0.002          36      40      40      40      39  
    LHS_0033     07:27:24.49      +05:13:32.9          9.286      2.839      1.331      1.477      0.695         0.002      0.005      0.003      0.004      0.006          13      13      13       9       9  
      Ru_152     07:29:58.44      -02:06:37.5         13.188     -0.263     -0.355     -0.289     -0.252         0.002      0.005      0.004      0.005      0.007           9       9       9       9       5  
   SA_99_438     07:55:54.26      -00:16:49.1          9.569      0.136     -0.348     -0.293     -0.220         0.002      0.006      0.004      0.003      0.003          12      12      13      14      14  
   SA_99_447     07:56:06.68      -00:20:42.3          9.572      0.734     -0.287     -0.245     -0.161         0.003      0.005      0.004      0.004      0.003          13      13      14      16      16  
  BD+75_0325     08:10:49.50      +74:57:57.8          9.786     -0.508     -0.514     -0.382     -0.323         0.002      0.005      0.004      0.003      0.004          14      13      14      14      14  
   BD+8_2015     08:15:41.62      +07:37:05.9         10.194      1.393      0.497      0.173      0.065         0.002      0.005      0.003      0.002      0.003          21      20      21      20      21  
  BD+54_1216     08:19:22.56      +54:05:09.7          9.586      0.890      0.300      0.107      0.010         0.001      0.004      0.002      0.002      0.004          17      16      17      16      16  
   GCRV_5757     08:44:05.00      +36:14:43.9         10.803      1.000      0.403      0.152      0.048         0.001      0.004      0.002      0.002      0.003          13      13      13      13      13  
  BD+25_1981     08:44:24.68      +24:47:47.9          9.270      0.925      0.144      0.014     -0.037         0.002      0.004      0.003      0.003      0.004          19      19      19      18      19  
  SA_100_241     08:52:34.05      -00:39:48.8         10.204      1.165     -0.068     -0.128     -0.097         0.003      0.005      0.004      0.004      0.004          13      12      12      13      12  
  SA_100_280     08:53:35.47      -00:36:41.0         11.689      1.143      0.308      0.084      0.003         0.002      0.006      0.003      0.003      0.004          15      15      17      16      16  
  SA_100_394     08:53:54.51      -00:32:22.0         10.932      2.979      1.056      0.419      0.237         0.001      0.015      0.002      0.001      0.001          10      15      17      16      15  
   GCRV_5951     09:05:16.68      +38:47:54.7         11.474      0.854      0.346      0.135      0.029         0.002      0.004      0.004      0.003      0.004          11      11      11      11      11  
 PG0918+029D     09:21:21.94      +02:47:28.7         11.937      2.227      0.817      0.324      0.166         0.002      0.010      0.003      0.003      0.004          17      18      18      18      19  
   BD+9_2190     09:29:15.55      +08:38:00.6         11.049      0.902      0.238      0.076      0.009         0.001      0.006      0.002      0.001      0.002          10      11      11      11      10  
  BD-12_2918     09:31:19.42      -13:29:19.3          9.476      2.817      1.326      1.201      0.561         0.002      0.005      0.003      0.004      0.004          11      11      12      10      11  
    Ross_889     09:40:43.19      +01:00:29.5         10.380      0.875      0.220      0.068      0.006         0.002      0.004      0.004      0.003      0.004           7       8       7       7       8  
  SA_101_315     09:54:51.28      -00:27:31.1         10.894      2.490      0.894      0.350      0.196         0.002      0.006      0.002      0.003      0.003          24      24      25      24      24  
  SA_101_316     09:54:52.03      -00:18:34.4         11.438      1.152      0.309      0.073      0.007         0.001      0.005      0.001      0.001      0.003          24      24      24      24      24  
  SA_101_207     09:57:52.48      -00:47:36.4         12.290      1.085      0.347      0.101      0.022         0.002      0.005      0.003      0.004      0.004          11      11      10      11      11  
    G_162-66     10:33:42.81      -11:41:38.7         13.227     -0.183     -0.387     -0.354     -0.303         0.001      0.014      0.005      0.007      0.014           4       4       3       4       4  
    Feige_34     10:39:36.73      +43:06:09.2         11.423     -0.509     -0.508     -0.347     -0.265         0.002      0.004      0.003      0.002      0.003          16      16      16      16      16  
  BD+29_2091     10:47:23.16      +28:23:56.0         10.123      0.864      0.366      0.132      0.040         0.006      0.012      0.008      0.008      0.006           9       9       8       8       9  
 PG1047+003A     10:50:05.65      -00:01:11.3         13.303      1.385      0.519      0.212      0.087         0.003      0.009      0.004      0.004      0.005          15      20      21      20      20  
    Ross_106     10:50:28.98      +56:26:31.0         12.413      1.028      0.434      0.176      0.060         0.003      0.008      0.004      0.004      0.006          10      10       9      10      10  
  SA_102_620     10:55:04.22      -00:48:18.9          9.665      2.464      0.932      0.309      0.148         0.002      0.009      0.003      0.003      0.004          11      11       9      11      11  
    G_163_50     11:07:59.97      -05:09:26.0         13.266      0.215     -0.277     -0.272     -0.271         0.003      0.004      0.004      0.004      0.007          16      16      16      16      14  
    G_163_51     11:08:06.55      -05:13:46.9         11.960      2.741      1.315      1.238      0.567         0.003      0.014      0.004      0.004      0.004           8      17      17      12      12  
    Wolf_365     11:11:00.00      +06:25:11.3         11.135      1.182      0.560      0.237      0.097         0.003      0.007      0.004      0.004      0.005          12      12      11      13      13  
   GCRV_7017     11:32:23.31      +76:39:18.1         11.326      1.120      0.517      0.212      0.080         0.003      0.006      0.005      0.004      0.005          12      12      12      12      12  
  BD-21_3420     11:55:28.45      -22:23:13.3         10.021      0.998      0.322      0.122      0.036         0.008      0.010      0.009      0.012      0.011           8       6       5       8       8  
  SA_103_626     11:56:46.14      -00:23:14.6         11.753      1.056      0.246      0.056     -0.027         0.003      0.009      0.004      0.004      0.006          15      15      14      16      13  
  SA_103_526     11:56:54.18      -00:30:13.5         10.575      2.434      0.826      0.293      0.164         0.002      0.011      0.004      0.003      0.004          10      17      14      16      16  
    Ross_453     12:10:55.77      +00:23:54.3         10.971      0.872      0.298      0.101      0.025         0.005      0.009      0.006      0.006      0.006          12      10      11      13      13  
    Feige_66     12:37:23.52      +25:03:59.9         10.747     -0.345     -0.476     -0.367     -0.316         0.002      0.003      0.002      0.002      0.004          15      16      17      17      16  
  SA_104_428     12:41:41.31      -00:26:26.5         12.330      2.153      0.763      0.279      0.147         0.002      0.008      0.004      0.004      0.005           7      11      12      12      11  
  SA_104_598     12:45:16.78      -00:16:40.4         11.057      2.481      0.985      0.339      0.148         0.005      0.015      0.006      0.006      0.006           8       9       9      11      10  
    Ross_484     13:18:56.71      -03:04:18.0         10.378      2.000      0.855      0.327      0.165         0.003      0.009      0.004      0.004      0.006           8       9       9       9       9  
    LTT_5137     13:20:23.67      -03:01:41.8         11.190      1.103      0.455      0.181      0.063         0.004      0.011      0.006      0.005      0.007           7       6       6       6       7  
   GCRV_7951     13:21:47.60      +74:12:32.9         11.488      0.876      0.341      0.134      0.035         0.001      0.005      0.002      0.001      0.003          11      12      12      12      12  
 PG1323-086D     13:26:05.26      -08:50:35.7         11.928      1.210      0.397      0.132      0.032         0.001      0.003      0.001      0.001      0.002          22      21      23      23      22  
     G_14-55     13:28:21.09      -02:21:36.7         10.633      2.813      1.325      1.333      0.615         0.002      0.007      0.004      0.003      0.004          13      13      13      12      13  
  SA_105_815     13:40:02.50      -00:02:18.8         11.366      0.863      0.232      0.076      0.003         0.002      0.005      0.003      0.004      0.005          13      13      13      13      13  
   BD+2_2711     13:42:19.01      +01:30:18.6         10.548      0.166     -0.362     -0.301     -0.234         0.002      0.005      0.004      0.004      0.005          10      10      10      10      10  
   HD_121968     13:58:51.17      -02:54:52.3         10.425     -0.064     -0.370     -0.318     -0.245         0.003      0.005      0.004      0.005      0.005           5       6       6       6       5  
    Ross_838     14:01:44.47      +08:55:17.4         11.327      1.277      0.573      0.239      0.111         0.002      0.007      0.003      0.003      0.004          17      17      17      16      16  
  BD+26_2606     14:49:02.35      +25:42:09.2          9.604      0.870      0.287      0.101      0.017         0.001      0.001      0.001      0.001      0.001         122     125     124     126     125  
   GCRV_8758     15:07:41.38      +32:24:37.2         10.954      1.258      0.492      0.176      0.062         0.002      0.004      0.003      0.003      0.004          15      15      15      15      15  
 PG1528+062B     15:30:39.55      +06:01:13.1         11.828      1.235      0.419      0.143      0.036         0.001      0.004      0.001      0.001      0.002          32      33      33      33      33  
     G_15-24     15:30:41.76      +08:23:40.4         11.277      1.035      0.412      0.151      0.052         0.002      0.004      0.003      0.003      0.004          11      11      11      11      11  
 SA_107_1006     15:38:33.37      +00:14:19.2         11.474      1.549      0.578      0.204      0.090         0.002      0.007      0.003      0.003      0.003          15      16      16      16      16  
  SA_107_351     15:38:45.75      -00:32:06.5         12.175      1.187      0.396      0.142      0.048         0.002      0.004      0.003      0.003      0.004          14      15      15      15      15  
  BD+33_2642     15:51:59.88      +32:56:54.3         10.979     -0.018     -0.332     -0.284     -0.212         0.001      0.003      0.002      0.002      0.004          23      25      25      26      25  
    Ross_530     16:19:51.66      +22:38:20.2         11.319      1.273      0.558      0.229      0.103         0.002      0.004      0.003      0.002      0.002          28      28      28      28      27  
   GCRV_9483     16:28:16.87      +44:40:38.3         11.104      1.106      0.527      0.222      0.082         0.002      0.004      0.003      0.003      0.004          17      17      17      17      17  
  SA_108_475     16:37:00.60      -00:34:39.0         10.832      3.127      1.130      0.456      0.270         0.002      0.015      0.003      0.002      0.003           8      17      17      17      17  
  SA_108_551     16:37:47.79      -00:33:05.1         10.747      1.256     -0.032     -0.104     -0.051         0.002      0.006      0.004      0.003      0.004          16      16      16      16      16  
    Wolf_629     16:55:25.66      -08:19:13.1         11.129      3.013      1.413      1.466      0.648         0.001      0.021      0.004      0.004      0.004           4       4       4       4       4  
  BD+18_3407     17:35:19.89      +18:53:00.8          9.765      1.690      0.628      0.227      0.100         0.001      0.003      0.001      0.001      0.001          37      37      37      37      37  
   BD+2_3375     17:39:45.59      +02:24:59.6          9.809      0.886      0.321      0.123      0.029         0.001      0.002      0.001      0.001      0.002          41      42      43      41      42  
   SA_109_71     17:44:06.78      -00:24:57.8         11.475      1.274      0.130      0.010      0.010         0.001      0.004      0.002      0.001      0.002          25      25      25      25      25  
  SA_109_381     17:44:12.26      -00:20:32.7         11.514      1.477      0.547      0.223      0.094         0.002      0.006      0.003      0.002      0.002          25      25      25      25      25  
  SA_109_231     17:45:19.95      -00:25:51.6          8.825      3.231      1.218      0.502      0.314         0.003      0.016      0.004      0.004      0.003           8      12      12      12      12  
  SA_109_537     17:45:42.45      -00:21:35.4         10.201      1.449      0.456      0.191      0.079         0.003      0.008      0.004      0.004      0.005          10       9      10      11      12  
    Hilt_733     18:17:23.32      -11:44:57.5         10.939      1.102      0.827      0.410      0.260         0.002      0.008      0.004      0.003      0.004           5       5      13      13      10  
    Ross_711     18:35:19.17      +28:41:55.3         11.295      0.837      0.282      0.104      0.015         0.001      0.005      0.002      0.002      0.004          20      19      19      19      20  
  SA_110_232     18:40:52.33      +00:01:54.8         12.287      1.390      0.552      0.237      0.094         0.001      0.005      0.002      0.002      0.004          16      16      16      16      16  
  SA_110_340     18:41:28.44      +00:15:23.0         10.010      1.228      0.094     -0.039     -0.053         0.003      0.005      0.004      0.004      0.003          13      13      13      13      11  
  SA_110_499     18:43:07.66      +00:28:01.4         11.399      2.036      0.827      0.473      0.332         0.002      0.007      0.003      0.003      0.004          18      17      18      17      17  
  SA_110_503     18:43:11.69      +00:29:42.9         11.625      1.792      0.460      0.222      0.116         0.002      0.005      0.003      0.004      0.004          18      17      18      17      17  
     GJ_745A     19:07:05.57      +20:53:16.9         10.159      2.848      1.408      1.046      0.490         0.001      0.004      0.002      0.002      0.004          15      15      16      15      15  
     GJ_745B     19:07:13.19      +20:52:37.2         10.151      2.839      1.401      1.049      0.488         0.001      0.006      0.002      0.002      0.003          17      17      17      17      17  
  BD+35_3659     19:31:09.22      +36:09:10.1         10.089      0.925      0.333      0.117      0.022         0.001      0.002      0.001      0.001      0.001          34      34      34      32      32  
  SA_111_775     19:37:16.36      +00:12:05.5         10.106      3.765      1.491      0.697      0.421         0.003      0.019      0.005      0.004      0.004           7      11      11      11      11  
 SA_111_1925     19:37:28.62      +00:25:03.1         12.345      1.397      0.200      0.061      0.051         0.002      0.011      0.004      0.005      0.007          11      14      14      10      12  
   Wolf_1346     20:34:21.89      +25:03:49.7         11.753     -0.016     -0.351     -0.309     -0.291         0.001      0.002      0.001      0.001      0.002          22      22      22      22      21  
  SA_112_223     20:42:14.58      +00:08:59.7         11.336      1.145      0.270      0.062      0.000         0.002      0.006      0.004      0.003      0.004          23      23      23      22      22  
  SA_112_250     20:42:26.38      +00:07:42.4         11.962      1.162      0.352      0.116      0.008         0.002      0.008      0.004      0.003      0.004          23      23      22      23      21  
  SA_112_805     20:42:46.74      +00:16:08.4         12.174      1.183     -0.087     -0.135     -0.090         0.003      0.005      0.004      0.004      0.009           8       8       8       8       7  
  SA_112_822     20:42:54.90      +00:15:01.9         11.227      2.293      0.801      0.288      0.154         0.003      0.021      0.004      0.004      0.004           7       8       8       8       8  
  BD+62_1916     21:15:05.74      +62:50:27.9          9.332      1.568      0.540      0.171      0.061         0.001      0.004      0.002      0.001      0.002          15      15      15      15      15  
  SA_113_339     21:40:55.64      +00:27:58.2         12.103      1.149      0.389      0.127      0.035         0.001      0.004      0.002      0.001      0.003          15      15      15      15      15  
  SA_113_466     21:41:27.39      +00:40:15.6          9.908      1.125      0.275      0.073     -0.005         0.002      0.003      0.002      0.002      0.002          24      24      24      24      24  
  SA_113_259     21:41:44.84      +00:17:39.9         11.376      2.705      0.933      0.336      0.193         0.002      0.011      0.003      0.003      0.004          10      14      14      14      14  
  SA_113_260     21:41:48.03      +00:23:53.3         12.284      1.217      0.331      0.080      0.015         0.002      0.006      0.003      0.003      0.005          14      14      14      14      14  
  SA_113_475     21:41:51.30      +00:39:20.8          9.979      2.255      0.817      0.318      0.166         0.001      0.008      0.001      0.001      0.002          24      24      24      24      24  
  BD+28_4211     21:51:11.02      +28:51:50.4         10.750     -0.517     -0.511     -0.379     -0.313         0.003      0.004      0.004      0.004      0.003          16      16      16      16      16  
     G_93-48     21:52:25.37      +02:23:19.6         12.961      0.107     -0.308     -0.307     -0.261         0.004      0.006      0.006      0.004      0.012           6       6       6       6       4  
  BD+25_4655     21:59:41.96      +26:25:57.3          9.929     -0.427     -0.479     -0.375     -0.328         0.002      0.004      0.003      0.003      0.004          12      12      12      12      12  
   Hilt_1089     22:09:20.87      +57:51:28.4         10.639      1.512      0.552      0.189      0.073         0.001      0.004      0.001      0.001      0.002          14      14      16      16      14  
  BD+17_4708     22:11:31.37      +18:05:34.1          9.350      0.920      0.290      0.100      0.020         0.001      0.001      0.001      0.001      0.001         114     114     115     114     114  
  BD-11_5781     22:13:10.68      -11:10:38.4          9.178      1.966      0.720      0.236      0.130         0.004      0.009      0.006      0.005      0.005          15      12      11      12      15  
  SA_114_531     22:40:36.78      +00:51:55.6         11.880      1.419      0.540      0.187      0.080         0.002      0.010      0.003      0.003      0.004          10      11      11      11      11  
  SA_114_654     22:41:26.14      +01:10:10.7         11.672      1.398      0.449      0.137      0.040         0.001      0.004      0.001      0.001      0.002          20      20      20      19      19  
  SA_114_656     22:41:35.06      +01:11:09.8         12.326      1.961      0.756      0.293      0.156         0.001      0.008      0.002      0.002      0.004          18      20      20      20      20  
  SA_114_548     22:41:36.83      +00:59:05.7         11.135      3.146      1.120      0.442      0.252         0.003      0.009      0.004      0.003      0.003          12      12      13      13      13  
  SA_114_750     22:41:44.70      +01:12:36.2         12.021      0.548     -0.212     -0.230     -0.163         0.002      0.005      0.003      0.003      0.004          20      20      20      19      19  
     G_27-45     22:44:56.30      -02:21:12.8         11.282      1.111      0.503      0.193      0.081         0.002      0.004      0.003      0.003      0.003          11      11      11      11      11  
    Ross_786     23:09:33.34      +00:43:02.1          9.706      1.221      0.540      0.224      0.093         0.003      0.006      0.005      0.004      0.004          13      13      14      14      14  
      GD_246     23:12:23.07      +10:47:04.2         13.346     -0.491     -0.504     -0.378     -0.367         0.001      0.004      0.002      0.003      0.006          11      10      11      11      10  
  BD+38_4955     23:13:38.81      +39:25:02.6         10.800      1.038      0.515      0.220      0.096         0.001      0.005      0.001      0.001      0.002          13      12      13      13      13  
  BD+33_4737     23:34:36.13      +34:02:22.2          8.840      1.653      0.572      0.177      0.062         0.002      0.004      0.003      0.003      0.003          16      16      16      16      16  
 PG2336+004B     23:38:38.26      +00:42:46.4         12.312      1.101      0.336      0.100      0.014         0.001      0.007      0.003      0.002      0.005          14      14      14      14      14  
  SA_115_420     23:42:36.48      +01:05:58.8         11.063      1.091      0.290      0.080      0.007         0.002      0.004      0.003      0.002      0.003          18      19      19      19      18  
  SA_115_516     23:44:15.38      +01:14:12.5         10.107      2.167      0.807      0.317      0.172         0.002      0.009      0.004      0.003      0.004          16      16      16      16      16  
